image_width: 1280
image_height: 720
camera_name: narrow_stereo
camera_matrix:
  rows: 3
  cols: 3
  data: [950.211047, 0.000000, 620.004793, 0.000000, 953.535399, 389.788722, 0.000000, 0.000000, 1.000000]
distortion_model: plumb_bob
distortion_coefficients:
  rows: 1
  cols: 5
  data: [0.065167, -0.143618, 0.004650, -0.003403, 0.000000]
rectification_matrix:
  rows: 3
  cols: 3
  data: [1.000000, 0.000000, 0.000000, 0.000000, 1.000000, 0.000000, 0.000000, 0.000000, 1.000000]
projection_matrix:
  rows: 3
  cols: 4
  data: [934.666271, 0.000000, 611.993904, 0.000000, 0.000000, 939.265414, 394.663902, 0.000000, 0.000000, 0.000000, 1.000000, 0.000000]
